0	(0,0,0,0)	(0,3,7,A)	(0,3,5,8)	4-26	-7
1	(1,0,0,0)	(1,3,7,A)	(0,2,5,8)	4-27	-7b5, 7
2	(2,0,0,0)	(2,3,7,A)	(0,1,5,8)	4-20	maj7
3	(0,1,0,0)	(0,4,7,A)	(0,2,5,8)	4-27	-7b5, 7
4	(1,1,0,0)	(1,4,7,A)	(0,3,6,9)	4-28	o7
5	(2,1,0,0)	(2,4,7,A)	(0,2,5,8)	4-27	-7b5, 7
6	(0,2,0,0)	(0,5,7,A)	(0,2,5,7)	4-23	sus7, maj69
7	(1,2,0,0)	(1,5,7,A)	(0,2,5,8)	4-27	-7b5, 7
8	(2,2,0,0)	(2,5,7,A)	(0,3,5,8)	4-26	-7
9	(0,3,0,0)	(0,6,7,A)	(0,1,4,6)	4-Z15	7#4
10	(1,3,0,0)	(1,6,7,A)	(0,1,4,7)	4-18	13b9
11	(2,3,0,0)	(2,6,7,A)	(0,1,4,8)	4-19	-maj7, maj7#5
12	(0,0,1,0)	(0,3,8,A)	(0,2,4,7)	4-22	-11
13	(1,0,1,0)	(1,3,8,A)	(0,2,5,7)	4-23	sus7, maj69
14	(2,0,1,0)	(2,3,8,A)	(0,1,5,7)	4-16	maj7#4
15	(0,1,1,0)	(0,4,8,A)	(0,2,4,8)	4-24	+7
16	(1,1,1,0)	(1,4,8,A)	(0,2,5,8)	4-27	-7b5, 7
17	(2,1,1,0)	(2,4,8,A)	(0,2,6,8)	4-25	7b5
18	(0,2,1,0)	(0,5,8,A)	(0,2,4,7)	4-22	-11
19	(1,2,1,0)	(1,5,8,A)	(0,3,5,8)	4-26	-7
20	(2,2,1,0)	(2,5,8,A)	(0,2,5,8)	4-27	-7b5, 7
21	(0,3,1,0)	(0,6,8,A)	(0,2,4,6)	4-21	whole tone
22	(1,3,1,0)	(1,6,8,A)	(0,2,4,7)	4-22	-11
23	(2,3,1,0)	(2,6,8,A)	(0,2,4,8)	4-24	+7
24	(0,0,2,0)	(0,3,9,A)	(0,1,3,6)	4-13	-6
25	(1,0,2,0)	(1,3,9,A)	(0,1,4,6)	4-Z15	7#4
26	(2,0,2,0)	(2,3,9,A)	(0,1,5,6)	4-8	maj7#4
27	(0,1,2,0)	(0,4,9,A)	(0,1,3,7)	4-Z29	13
28	(1,1,2,0)	(1,4,9,A)	(0,1,4,7)	4-18	13b9
29	(2,1,2,0)	(2,4,9,A)	(0,1,5,7)	4-16	maj7#4
30	(0,2,2,0)	(0,5,9,A)	(0,2,3,7)	4-14	-add2
31	(1,2,2,0)	(1,5,9,A)	(0,1,4,8)	4-19	-maj7, maj7#5
32	(2,2,2,0)	(2,5,9,A)	(0,1,5,8)	4-20	maj7
33	(0,3,2,0)	(0,6,9,A)	(0,2,3,6)	4-12	-maj7(6)
34	(1,3,2,0)	(1,6,9,A)	(0,3,4,7)	4-17	13b9#4
35	(2,3,2,0)	(2,6,9,A)	(0,1,4,8)	4-19	-maj7, maj7#5
36	(0,0,0,1)	(0,3,7,B)	(0,1,4,8)	4-19	-maj7, maj7#5
37	(1,0,0,1)	(1,3,7,B)	(0,2,4,8)	4-24	+7
38	(2,0,0,1)	(2,3,7,B)	(0,1,4,8)	4-19	-maj7, maj7#5
39	(0,1,0,1)	(0,4,7,B)	(0,1,5,8)	4-20	maj7
40	(1,1,0,1)	(1,4,7,B)	(0,2,5,8)	4-27	-7b5, 7
41	(2,1,0,1)	(2,4,7,B)	(0,3,5,8)	4-26	-7
42	(0,2,0,1)	(0,5,7,B)	(0,1,5,7)	4-16	maj7#4
43	(1,2,0,1)	(1,5,7,B)	(0,2,6,8)	4-25	7b5
44	(2,2,0,1)	(2,5,7,B)	(0,2,5,8)	4-27	-7b5, 7
45	(0,3,0,1)	(0,6,7,B)	(0,1,5,6)	4-8	maj7#4
46	(1,3,0,1)	(1,6,7,B)	(0,1,5,7)	4-16	maj7#4
47	(2,3,0,1)	(2,6,7,B)	(0,1,5,8)	4-20	maj7
48	(0,0,1,1)	(0,3,8,B)	(0,3,4,7)	4-17	13b9#4
49	(1,0,1,1)	(1,3,8,B)	(0,2,4,7)	4-22	-11
50	(2,0,1,1)	(2,3,8,B)	(0,1,4,7)	4-18	13b9
51	(0,1,1,1)	(0,4,8,B)	(0,1,4,8)	4-19	-maj7, maj7#5
52	(1,1,1,1)	(1,4,8,B)	(0,3,5,8)	4-26	-7
53	(2,1,1,1)	(2,4,8,B)	(0,2,5,8)	4-27	-7b5, 7
54	(0,2,1,1)	(0,5,8,B)	(0,1,4,7)	4-18	13b9
55	(1,2,1,1)	(1,5,8,B)	(0,2,5,8)	4-27	-7b5, 7
56	(2,2,1,1)	(2,5,8,B)	(0,3,6,9)	4-28	o7
57	(0,3,1,1)	(0,6,8,B)	(0,1,4,6)	4-Z15	7#4
58	(1,3,1,1)	(1,6,8,B)	(0,2,5,7)	4-23	sus7, maj69
59	(2,3,1,1)	(2,6,8,B)	(0,2,5,8)	4-27	-7b5, 7
60	(0,0,2,1)	(0,3,9,B)	(0,2,3,6)	4-12	-maj7(6)
61	(1,0,2,1)	(1,3,9,B)	(0,2,4,6)	4-21	whole tone
62	(2,0,2,1)	(2,3,9,B)	(0,1,4,6)	4-Z15	7#4
63	(0,1,2,1)	(0,4,9,B)	(0,2,3,7)	4-14	-add2
64	(1,1,2,1)	(1,4,9,B)	(0,2,4,7)	4-22	-11
65	(2,1,2,1)	(2,4,9,B)	(0,2,5,7)	4-23	sus7, maj69
66	(0,2,2,1)	(0,5,9,B)	(0,1,3,7)	4-Z29	13
67	(1,2,2,1)	(1,5,9,B)	(0,2,4,8)	4-24	+7
68	(2,2,2,1)	(2,5,9,B)	(0,2,5,8)	4-27	-7b5, 7
69	(0,3,2,1)	(0,6,9,B)	(0,1,3,6)	4-13	-6
70	(1,3,2,1)	(1,6,9,B)	(0,2,4,7)	4-22	-11
71	(2,3,2,1)	(2,6,9,B)	(0,3,5,8)	4-26	-7
